A 0 0 0.0
A 0 1 1.0
A 0 2 2.0
A 0 3 3.0
A 0 4 4.0
A 0 5 5.0
A 0 6 6.0
A 0 7 7.0
A 0 8 8.0
A 0 9 9.0
A 0 10 10.0
A 0 11 11.0
A 0 12 12.0
A 0 13 13.0
A 0 14 14.0
A 0 15 15.0
A 1 0 1.0
A 1 1 2.0
A 1 2 3.0
A 1 3 4.0
A 1 4 5.0
A 1 5 6.0
A 1 6 7.0
A 1 7 8.0
A 1 8 9.0
A 1 9 10.0
A 1 10 11.0
A 1 11 12.0
A 1 12 13.0
A 1 13 14.0
A 1 14 15.0
A 1 15 16.0
A 2 0 2.0
A 2 1 3.0
A 2 2 4.0
A 2 3 5.0
A 2 4 6.0
A 2 5 7.0
A 2 6 8.0
A 2 7 9.0
A 2 8 10.0
A 2 9 11.0
A 2 10 12.0
A 2 11 13.0
A 2 12 14.0
A 2 13 15.0
A 2 14 16.0
A 2 15 17.0
A 3 0 3.0
A 3 1 4.0
A 3 2 5.0
A 3 3 6.0
A 3 4 7.0
A 3 5 8.0
A 3 6 9.0
A 3 7 10.0
A 3 8 11.0
A 3 9 12.0
A 3 10 13.0
A 3 11 14.0
A 3 12 15.0
A 3 13 16.0
A 3 14 17.0
A 3 15 18.0
A 4 0 4.0
A 4 1 5.0
A 4 2 6.0
A 4 3 7.0
A 4 4 8.0
A 4 5 9.0
A 4 6 10.0
A 4 7 11.0
A 4 8 12.0
A 4 9 13.0
A 4 10 14.0
A 4 11 15.0
A 4 12 16.0
A 4 13 17.0
A 4 14 18.0
A 4 15 19.0
A 5 0 5.0
A 5 1 6.0
A 5 2 7.0
A 5 3 8.0
A 5 4 9.0
A 5 5 10.0
A 5 6 11.0
A 5 7 12.0
A 5 8 13.0
A 5 9 14.0
A 5 10 15.0
A 5 11 16.0
A 5 12 17.0
A 5 13 18.0
A 5 14 19.0
A 5 15 20.0
A 6 0 6.0
A 6 1 7.0
A 6 2 8.0
A 6 3 9.0
A 6 4 10.0
A 6 5 11.0
A 6 6 12.0
A 6 7 13.0
A 6 8 14.0
A 6 9 15.0
A 6 10 16.0
A 6 11 17.0
A 6 12 18.0
A 6 13 19.0
A 6 14 20.0
A 6 15 21.0
A 7 0 7.0
A 7 1 8.0
A 7 2 9.0
A 7 3 10.0
A 7 4 11.0
A 7 5 12.0
A 7 6 13.0
A 7 7 14.0
A 7 8 15.0
A 7 9 16.0
A 7 10 17.0
A 7 11 18.0
A 7 12 19.0
A 7 13 20.0
A 7 14 21.0
A 7 15 22.0
A 8 0 8.0
A 8 1 9.0
A 8 2 10.0
A 8 3 11.0
A 8 4 12.0
A 8 5 13.0
A 8 6 14.0
A 8 7 15.0
A 8 8 16.0
A 8 9 17.0
A 8 10 18.0
A 8 11 19.0
A 8 12 20.0
A 8 13 21.0
A 8 14 22.0
A 8 15 23.0
A 9 0 9.0
A 9 1 10.0
A 9 2 11.0
A 9 3 12.0
A 9 4 13.0
A 9 5 14.0
A 9 6 15.0
A 9 7 16.0
A 9 8 17.0
A 9 9 18.0
A 9 10 19.0
A 9 11 20.0
A 9 12 21.0
A 9 13 22.0
A 9 14 23.0
A 9 15 24.0
A 10 0 10.0
A 10 1 11.0
A 10 2 12.0
A 10 3 13.0
A 10 4 14.0
A 10 5 15.0
A 10 6 16.0
A 10 7 17.0
A 10 8 18.0
A 10 9 19.0
A 10 10 20.0
A 10 11 21.0
A 10 12 22.0
A 10 13 23.0
A 10 14 24.0
A 10 15 25.0
A 11 0 11.0
A 11 1 12.0
A 11 2 13.0
A 11 3 14.0
A 11 4 15.0
A 11 5 16.0
A 11 6 17.0
A 11 7 18.0
A 11 8 19.0
A 11 9 20.0
A 11 10 21.0
A 11 11 22.0
A 11 12 23.0
A 11 13 24.0
A 11 14 25.0
A 11 15 26.0
A 12 0 12.0
A 12 1 13.0
A 12 2 14.0
A 12 3 15.0
A 12 4 16.0
A 12 5 17.0
A 12 6 18.0
A 12 7 19.0
A 12 8 20.0
A 12 9 21.0
A 12 10 22.0
A 12 11 23.0
A 12 12 24.0
A 12 13 25.0
A 12 14 26.0
A 12 15 27.0
A 13 0 13.0
A 13 1 14.0
A 13 2 15.0
A 13 3 16.0
A 13 4 17.0
A 13 5 18.0
A 13 6 19.0
A 13 7 20.0
A 13 8 21.0
A 13 9 22.0
A 13 10 23.0
A 13 11 24.0
A 13 12 25.0
A 13 13 26.0
A 13 14 27.0
A 13 15 28.0
A 14 0 14.0
A 14 1 15.0
A 14 2 16.0
A 14 3 17.0
A 14 4 18.0
A 14 5 19.0
A 14 6 20.0
A 14 7 21.0
A 14 8 22.0
A 14 9 23.0
A 14 10 24.0
A 14 11 25.0
A 14 12 26.0
A 14 13 27.0
A 14 14 28.0
A 14 15 29.0
A 15 0 15.0
A 15 1 16.0
A 15 2 17.0
A 15 3 18.0
A 15 4 19.0
A 15 5 20.0
A 15 6 21.0
A 15 7 22.0
A 15 8 23.0
A 15 9 24.0
A 15 10 25.0
A 15 11 26.0
A 15 12 27.0
A 15 13 28.0
A 15 14 29.0
A 15 15 30.0
B 0 0 0.0
B 0 1 1.0
B 0 2 2.0
B 0 3 3.0
B 0 4 4.0
B 0 5 5.0
B 0 6 6.0
B 0 7 7.0
B 0 8 8.0
B 0 9 9.0
B 0 10 10.0
B 0 11 11.0
B 0 12 12.0
B 0 13 13.0
B 0 14 14.0
B 0 15 15.0
B 1 0 1.0
B 1 1 2.0
B 1 2 3.0
B 1 3 4.0
B 1 4 5.0
B 1 5 6.0
B 1 6 7.0
B 1 7 8.0
B 1 8 9.0
B 1 9 10.0
B 1 10 11.0
B 1 11 12.0
B 1 12 13.0
B 1 13 14.0
B 1 14 15.0
B 1 15 16.0
B 2 0 2.0
B 2 1 3.0
B 2 2 4.0
B 2 3 5.0
B 2 4 6.0
B 2 5 7.0
B 2 6 8.0
B 2 7 9.0
B 2 8 10.0
B 2 9 11.0
B 2 10 12.0
B 2 11 13.0
B 2 12 14.0
B 2 13 15.0
B 2 14 16.0
B 2 15 17.0
B 3 0 3.0
B 3 1 4.0
B 3 2 5.0
B 3 3 6.0
B 3 4 7.0
B 3 5 8.0
B 3 6 9.0
B 3 7 10.0
B 3 8 11.0
B 3 9 12.0
B 3 10 13.0
B 3 11 14.0
B 3 12 15.0
B 3 13 16.0
B 3 14 17.0
B 3 15 18.0
B 4 0 4.0
B 4 1 5.0
B 4 2 6.0
B 4 3 7.0
B 4 4 8.0
B 4 5 9.0
B 4 6 10.0
B 4 7 11.0
B 4 8 12.0
B 4 9 13.0
B 4 10 14.0
B 4 11 15.0
B 4 12 16.0
B 4 13 17.0
B 4 14 18.0
B 4 15 19.0
B 5 0 5.0
B 5 1 6.0
B 5 2 7.0
B 5 3 8.0
B 5 4 9.0
B 5 5 10.0
B 5 6 11.0
B 5 7 12.0
B 5 8 13.0
B 5 9 14.0
B 5 10 15.0
B 5 11 16.0
B 5 12 17.0
B 5 13 18.0
B 5 14 19.0
B 5 15 20.0
B 6 0 6.0
B 6 1 7.0
B 6 2 8.0
B 6 3 9.0
B 6 4 10.0
B 6 5 11.0
B 6 6 12.0
B 6 7 13.0
B 6 8 14.0
B 6 9 15.0
B 6 10 16.0
B 6 11 17.0
B 6 12 18.0
B 6 13 19.0
B 6 14 20.0
B 6 15 21.0
B 7 0 7.0
B 7 1 8.0
B 7 2 9.0
B 7 3 10.0
B 7 4 11.0
B 7 5 12.0
B 7 6 13.0
B 7 7 14.0
B 7 8 15.0
B 7 9 16.0
B 7 10 17.0
B 7 11 18.0
B 7 12 19.0
B 7 13 20.0
B 7 14 21.0
B 7 15 22.0
B 8 0 8.0
B 8 1 9.0
B 8 2 10.0
B 8 3 11.0
B 8 4 12.0
B 8 5 13.0
B 8 6 14.0
B 8 7 15.0
B 8 8 16.0
B 8 9 17.0
B 8 10 18.0
B 8 11 19.0
B 8 12 20.0
B 8 13 21.0
B 8 14 22.0
B 8 15 23.0
B 9 0 9.0
B 9 1 10.0
B 9 2 11.0
B 9 3 12.0
B 9 4 13.0
B 9 5 14.0
B 9 6 15.0
B 9 7 16.0
B 9 8 17.0
B 9 9 18.0
B 9 10 19.0
B 9 11 20.0
B 9 12 21.0
B 9 13 22.0
B 9 14 23.0
B 9 15 24.0
B 10 0 10.0
B 10 1 11.0
B 10 2 12.0
B 10 3 13.0
B 10 4 14.0
B 10 5 15.0
B 10 6 16.0
B 10 7 17.0
B 10 8 18.0
B 10 9 19.0
B 10 10 20.0
B 10 11 21.0
B 10 12 22.0
B 10 13 23.0
B 10 14 24.0
B 10 15 25.0
B 11 0 11.0
B 11 1 12.0
B 11 2 13.0
B 11 3 14.0
B 11 4 15.0
B 11 5 16.0
B 11 6 17.0
B 11 7 18.0
B 11 8 19.0
B 11 9 20.0
B 11 10 21.0
B 11 11 22.0
B 11 12 23.0
B 11 13 24.0
B 11 14 25.0
B 11 15 26.0
B 12 0 12.0
B 12 1 13.0
B 12 2 14.0
B 12 3 15.0
B 12 4 16.0
B 12 5 17.0
B 12 6 18.0
B 12 7 19.0
B 12 8 20.0
B 12 9 21.0
B 12 10 22.0
B 12 11 23.0
B 12 12 24.0
B 12 13 25.0
B 12 14 26.0
B 12 15 27.0
B 13 0 13.0
B 13 1 14.0
B 13 2 15.0
B 13 3 16.0
B 13 4 17.0
B 13 5 18.0
B 13 6 19.0
B 13 7 20.0
B 13 8 21.0
B 13 9 22.0
B 13 10 23.0
B 13 11 24.0
B 13 12 25.0
B 13 13 26.0
B 13 14 27.0
B 13 15 28.0
B 14 0 14.0
B 14 1 15.0
B 14 2 16.0
B 14 3 17.0
B 14 4 18.0
B 14 5 19.0
B 14 6 20.0
B 14 7 21.0
B 14 8 22.0
B 14 9 23.0
B 14 10 24.0
B 14 11 25.0
B 14 12 26.0
B 14 13 27.0
B 14 14 28.0
B 14 15 29.0
B 15 0 15.0
B 15 1 16.0
B 15 2 17.0
B 15 3 18.0
B 15 4 19.0
B 15 5 20.0
B 15 6 21.0
B 15 7 22.0
B 15 8 23.0
B 15 9 24.0
B 15 10 25.0
B 15 11 26.0
B 15 12 27.0
B 15 13 28.0
B 15 14 29.0
B 15 15 30.0
